
valor1 <- 4 + 1
valor2 <- 3 * valor1 

valor1 
valor2


